       Value   Percentile   TotalCount 1/(1-Percentile)

      21.007     0.000000            1         1.00
      39.775     0.100000          400         1.11
      44.543     0.200000          804         1.25
      47.903     0.300000         1203         1.43
      51.135     0.400000         1603         1.67
      53.951     0.500000         2005         2.00
      55.327     0.550000         2200         2.22
      56.767     0.600000         2410         2.50
      58.495     0.650000         2602         2.86
      60.095     0.700000         2805         3.33
      62.079     0.750000         3004         4.00
      63.103     0.775000         3103         4.44
      64.415     0.800000         3202         5.00
      65.791     0.825000         3300         5.71
      67.199     0.850000         3401         6.67
      68.991     0.875000         3501         8.00
      70.143     0.887500         3552         8.89
      71.103     0.900000         3601        10.00
      72.191     0.912500         3651        11.43
      73.407     0.925000         3700        13.33
      75.391     0.937500         3751        16.00
      76.671     0.943750         3775        17.78
      77.759     0.950000         3802        20.00
      78.719     0.956250         3825        22.86
      81.279     0.962500         3850        26.67
      94.015     0.968750         3875        32.00
     155.135     0.971875         3887        35.56
     191.103     0.975000         3900        40.00
     249.727     0.978125         3912        45.71
     309.759     0.981250         3925        53.33
     369.407     0.984375         3937        64.00
     396.543     0.985938         3943        71.11
     430.847     0.987500         3950        80.00
     466.431     0.989062         3956        91.43
     509.439     0.990625         3963       106.67
     555.007     0.992188         3968       128.00
     568.831     0.992969         3972       142.22
     582.655     0.993750         3976       160.00
     597.503     0.994531         3978       182.86
     650.239     0.995313         3981       213.33
     679.423     0.996094         3984       256.00
     688.639     0.996484         3985       284.44
     701.439     0.996875         3987       320.00
     702.463     0.997266         3989       365.71
     719.871     0.997656         3990       426.67
     785.407     0.998047         3992       512.00
     785.407     0.998242         3992       568.89
     804.863     0.998437         3994       640.00
     804.863     0.998633         3994       731.43
     811.519     0.998828         3995       853.33
     851.455     0.999023         3996      1024.00
     851.455     0.999121         3996      1137.78
     851.455     0.999219         3996      1280.00
     851.967     0.999316         3997      1462.86
     851.967     0.999414         3997      1706.67
     880.127     0.999512         3998      2048.00
     880.127     0.999561         3998      2275.56
     880.127     0.999609         3998      2560.00
     880.127     0.999658         3998      2925.71
     880.127     0.999707         3998      3413.33
     897.535     0.999756         3999      4096.00
     897.535     1.000000         3999          inf
#[Mean    =       64.556, StdDeviation   =       71.035]
#[Max     =      897.024, Total count    =         3999]
#[Buckets =           27, SubBuckets     =         2048]