       Value   Percentile   TotalCount 1/(1-Percentile)

      17.983     0.000000            1         1.00
      38.303     0.100000          400         1.11
      43.199     0.200000          802         1.25
      46.271     0.300000         1202         1.43
      49.343     0.400000         1600         1.67
      52.127     0.500000         2000         2.00
      53.471     0.550000         2207         2.22
      54.975     0.600000         2402         2.50
      56.383     0.650000         2602         2.86
      57.951     0.700000         2800         3.33
      59.871     0.750000         3000         4.00
      60.863     0.775000         3101         4.44
      61.887     0.800000         3200         5.00
      63.231     0.825000         3301         5.71
      64.575     0.850000         3400         6.67
      65.983     0.875000         3501         8.00
      66.943     0.887500         3550         8.89
      67.711     0.900000         3601        10.00
      68.607     0.912500         3651        11.43
      69.759     0.925000         3704        13.33
      70.719     0.937500         3750        16.00
      71.359     0.943750         3775        17.78
      72.127     0.950000         3800        20.00
      73.151     0.956250         3825        22.86
      74.175     0.962500         3850        26.67
      75.391     0.968750         3875        32.00
      75.839     0.971875         3888        35.56
      76.415     0.975000         3900        40.00
      77.183     0.978125         3912        45.71
      77.951     0.981250         3925        53.33
      78.847     0.984375         3937        64.00
      79.615     0.985938         3943        71.11
      82.111     0.987500         3950        80.00
      83.903     0.989062         3957        91.43
      86.847     0.990625         3962       106.67
     304.639     0.992188         3968       128.00
     379.647     0.992969         3971       142.22
     398.335     0.993750         3975       160.00
     455.167     0.994531         3978       182.86
     488.959     0.995313         3981       213.33
     578.559     0.996094         3986       256.00
     578.559     0.996484         3986       284.44
     596.479     0.996875         3987       320.00
     678.911     0.997266         3989       365.71
     687.615     0.997656         3990       426.67
     698.367     0.998047         3992       512.00
     698.367     0.998242         3992       568.89
     801.791     0.998437         3994       640.00
     801.791     0.998633         3994       731.43
     809.471     0.998828         3995       853.33
     847.871     0.999023         3997      1024.00
     847.871     0.999121         3997      1137.78
     847.871     0.999219         3997      1280.00
     847.871     0.999316         3997      1462.86
     847.871     0.999414         3997      1706.67
     878.079     0.999512         3998      2048.00
     878.079     0.999561         3998      2275.56
     878.079     0.999609         3998      2560.00
     878.079     0.999658         3998      2925.71
     878.079     0.999707         3998      3413.33
     895.999     0.999756         3999      4096.00
     895.999     1.000000         3999          inf
#[Mean    =       56.585, StdDeviation   =       50.565]
#[Max     =      895.488, Total count    =         3999]
#[Buckets =           27, SubBuckets     =         2048]